General Information
Project Address,City,ZipCode,ClimateZone,Compliance Software,Compliance Manager,RulesetFile Name,Compliance Type
" 5900 W Green Lake Way N.","Seattle",98103,"- select -","CBECC 2025.2.1 (1408)","BEMCmpMgr 2025.2.0 (795)","ASHRAE 90.1-2019 Appendix G, Vers. 1.0 (S901G_2019.bin)","NewComplete"

No. of Thermal Zones,No. of Thermal Zones (cond),No. of Air Systems,No. of Zonal Systems,No. of Terminal Units
11,10,8,3,0

No. of Stories
Total,New,Existing,Altered
2,2,0,0

No. of Above Grade Stories
Total,New,Existing,Altered
2,2,0,0

No. of Dwelling Units (Conditioned)
Total,New,Existing,Altered
0,0,0,0

NonRes Floor Area (Conditioned)
Total,New,Existing,Altered
2,2,0,0

Res Floor Area (Conditioned)
Total,New,Existing,Altered
0,0,0,0

,Conditioned Floor Area
Total Floor Area,Total,New,Existing,Altered
11385.2,6632.21,0,0,0



Building Wall Area
Total ExtWall,N ExtWall,E ExtWall,S ExtWall,W ExtWall,
(ft2),(ft2),(ft2),(ft2),(ft2)
5227.44,1590.16,907.49,1227.72,1502.07

Building New Wall Area
Total ExtWall,N ExtWall,E ExtWall,S ExtWall,W ExtWall,
(ft2),(ft2),(ft2),(ft2),(ft2)
5227.44,1590.16,907.49,1227.72,1502.07
Building Existing or Altered Wall Area
Total ExtWall,N ExtWall,E ExtWall,S ExtWall,W ExtWall,
(ft2),(ft2),(ft2),(ft2),(ft2)
0.00,0.00,0.00,0.00,0.00


Building Window Area,
Total Window Area,North Window,E Window,S Window,W Window
(ft2),(ft2),(ft2),(ft2),(ft2)
1278.28,650.05,125.34,58.22,444.67

Building New Window Area on New Walls,
Total Window Area,North Window,E Window,S Window,W Window
(ft2),(ft2),(ft2),(ft2),(ft2)
1278.28,650.05,125.34,58.22,444.67
Building New Window Area on Existing or Altered Walls,
Total Window Area,North Window,E Window,S Window,W Window
(ft2),(ft2),(ft2),(ft2),(ft2)
0.00,0.00,0.00,0.00,0.00
Building Existing or Altered Window Area on Existing or Altered Walls,
Total Window Area,North Window,E Window,S Window,W Window
(ft2),(ft2),(ft2),(ft2),(ft2)
0.00,0.00,0.00,0.00,0.00


Window to Wall Ratio
Bldg. WWR,North WWR,East WWR,South WWR,West WWR
(frac.),(frac.),(frac.),(frac.),(frac.)
0.2445,0.4088,0.1381,0.0474,0.2960

New Window to New Wall Ratio
Bldg. WWR,North WWR,East WWR,South WWR,West WWR
(frac.),(frac.),(frac.),(frac.),(frac.)
0.2445,0.4088,0.1381,0.0474,0.2960
New Window to Existing or Altered Wall Ratio
Bldg. WWR,North WWR,East WWR,South WWR,West WWR
(frac.),(frac.),(frac.),(frac.),(frac.)
0.0000,0.0000,0.0000,0.0000,0.0000
Existing or Altered Window to Existing or Altered Wall Ratio
Bldg. WWR,North WWR,East WWR,South WWR,West WWR
(frac.),(frac.),(frac.),(frac.),(frac.)
0.0000,0.0000,0.0000,0.0000,0.0000


Skylight to Roof Ratio (SRR),Display Perimeter\SRR,West,Total
(frac.),(ft),(ft)
0.0000,0.00,0.00

New Skylight to New Roof Ratio (SRR)
(frac.)
0.0000
New Skylight to Existing or Altered Roof Ratio (SRR)
(frac.)
0.0000
Existing or Altered Skylight to Existing or Altered Roof Ratio (SRR)
(frac.)
0.0000



Exterior Roofs
,,,,,,,,,,,,Aged Thermal Emittance,,ThrmlAbs,,Aged Solar Reflectance,,SolAbs,
Name,Status,Name,Occupancy Classification,Conditioning Status,Assigned Occ Class (Ref),Area,Tilt,Slope Category,Cons Name,Construction Type,U-Factor,Roof,Cons,Roof,Cons,Roof,Cons,Roof,Cons
,,,,,,(ft2),(deg),,,,(Btu/h-?F-ft2),(frac.),(frac.),(frac.),(frac.),(frac.),(frac.),(frac.),(frac.),
"Surface 62","New","L02-214_AstoComlPthp","Nonresidential","DirectlyConditioned","NonResidential",343.53,2.32014,"Low","RoofInsulationEntirelyAboveDeckU063","WoodFramingAndOtherRoof",-99996.000,-99996,-99996,0.9,0.9,-99996,-99996,0.7,0.7
"Surface 70","New","L02-211_RestComlIncd","Nonresidential","IndirectlyConditioned","NonResidential",740.61,2.31998,"Low","RoofInsulationEntirelyAboveDeckU063","WoodFramingAndOtherRoof",-99996.000,-99996,-99996,0.9,0.9,-99996,-99996,0.7,0.7
"Surface 260","New","L02-209_AstoComlPthp","Nonresidential","DirectlyConditioned","NonResidential",346.97,2.31999,"Low","RoofInsulationEntirelyAboveDeckU063","WoodFramingAndOtherRoof",-99996.000,-99996,-99996,0.9,0.9,-99996,-99996,0.7,0.7
"Surface 87","New","L02-207_UtilComlIncd","Nonresidential","IndirectlyConditioned","NonResidential",98.77,2.31999,"Low","RoofInsulationEntirelyAboveDeckU063","WoodFramingAndOtherRoof",-99996.000,-99996,-99996,0.9,0.9,-99996,-99996,0.7,0.7
"Surface 93","New","L02-207C_MechComlIncd","Nonresidential","IndirectlyConditioned","NonResidential",54.53,2.32007,"Low","RoofInsulationEntirelyAboveDeckU063","WoodFramingAndOtherRoof",-99996.000,-99996,-99996,0.9,0.9,-99996,-99996,0.7,0.7
"Surface 253","New","L02-207B_MechComlIncd","Nonresidential","IndirectlyConditioned","NonResidential",53.06,2.32018,"Low","RoofInsulationEntirelyAboveDeckU063","WoodFramingAndOtherRoof",-99996.000,-99996,-99996,0.9,0.9,-99996,-99996,0.7,0.7
"Surface 105","New","L02-207A_MechComlIncd","Nonresidential","IndirectlyConditioned","NonResidential",52.61,2.31972,"Low","RoofInsulationEntirelyAboveDeckU063","WoodFramingAndOtherRoof",-99996.000,-99996,-99996,0.9,0.9,-99996,-99996,0.7,0.7
"Surface 144","New","L02-216_MprpComlPthp","Nonresidential","DirectlyConditioned","NonResidential",257.21,2.32033,"Low","RoofInsulationEntirelyAboveDeckU063","WoodFramingAndOtherRoof",-99996.000,-99996,-99996,0.9,0.9,-99996,-99996,0.7,0.7
"Surface 120","New","L02-217_AstoComlIncd","Nonresidential","IndirectlyConditioned","NonResidential",43.43,2.32019,"Low","RoofInsulationEntirelyAboveDeckU063","WoodFramingAndOtherRoof",-99996.000,-99996,-99996,0.9,0.9,-99996,-99996,0.7,0.7
"Surface 247","New","L02-206_MprpComlPthp","Nonresidential","DirectlyConditioned","NonResidential",237.37,2.32,"Low","RoofInsulationEntirelyAboveDeckU063","WoodFramingAndOtherRoof",-99996.000,-99996,-99996,0.9,0.9,-99996,-99996,0.7,0.7
"Surface 129","New","L02-201_CorrComlPthp","Nonresidential","DirectlyConditioned","NonResidential",946.58,2.32008,"Low","RoofInsulationEntirelyAboveDeckU063","WoodFramingAndOtherRoof",-99996.000,-99996,-99996,0.9,0.9,-99996,-99996,0.7,0.7
"Surface 238","New","L02-218_MechComlPthp","Nonresidential","DirectlyConditioned","NonResidential",45.94,2.32047,"Low","RoofInsulationEntirelyAboveDeckU063","WoodFramingAndOtherRoof",-99996.000,-99996,-99996,0.9,0.9,-99996,-99996,0.7,0.7
"Surface 171","New","L02-215_LndyComlIncd","Nonresidential","IndirectlyConditioned","NonResidential",111.32,2.32003,"Low","RoofInsulationEntirelyAboveDeckU063","WoodFramingAndOtherRoof",-99996.000,-99996,-99996,0.9,0.9,-99996,-99996,0.7,0.7
"Surface 262","New","L02-208_RestComlIncd","Nonresidential","IndirectlyConditioned","NonResidential",101.46,2.32001,"Low","RoofInsulationEntirelyAboveDeckU063","WoodFramingAndOtherRoof",-99996.000,-99996,-99996,0.9,0.9,-99996,-99996,0.7,0.7
"Surface 57","New","L02-001_ElevComlIncd","Nonresidential","IndirectlyConditioned","NonResidential",60.56,2.31953,"Low","RoofInsulationEntirelyAboveDeckU063","WoodFramingAndOtherRoof",-99996.000,-99996,-99996,0.9,0.9,-99996,-99996,0.7,0.7
"Surface 192","New","L02-201B_UtilComlIncd","Nonresidential","IndirectlyConditioned","NonResidential",17.32,2.31979,"Low","RoofInsulationEntirelyAboveDeckU063","WoodFramingAndOtherRoof",-99996.000,-99996,-99996,0.9,0.9,-99996,-99996,0.7,0.7
"Surface 204","New","L02-202_OfceComlPthp","Nonresidential","DirectlyConditioned","NonResidential",187.77,2.29308,"Low","RoofInsulationEntirelyAboveDeckU063","WoodFramingAndOtherRoof",-99996.000,-99996,-99996,0.9,0.9,-99996,-99996,0.7,0.7
"Surface 235","New","L02-203_BrkrComlPthp","Nonresidential","DirectlyConditioned","NonResidential",223.45,2.32011,"Low","RoofInsulationEntirelyAboveDeckU063","WoodFramingAndOtherRoof",-99996.000,-99996,-99996,0.9,0.9,-99996,-99996,0.7,0.7
"Surface 217","New","L02-204_FitnComlPthp","Nonresidential","DirectlyConditioned","NonResidential",1418.47,2.32011,"Low","RoofInsulationEntirelyAboveDeckU063","WoodFramingAndOtherRoof",-99996.000,-99996,-99996,0.9,0.9,-99996,-99996,0.7,0.7
"Surface 232","New","L02-205_AstoComlIncd","Nonresidential","IndirectlyConditioned","NonResidential",178.28,2.32011,"Low","RoofInsulationEntirelyAboveDeckU063","WoodFramingAndOtherRoof",-99996.000,-99996,-99996,0.9,0.9,-99996,-99996,0.7,0.7
"Surface 113","New","L02-201A_StrsComlIncd","Nonresidential","IndirectlyConditioned","NonResidential",178.00,2.29308,"Low","RoofInsulationEntirelyAboveDeckU063","WoodFramingAndOtherRoof",-99996.000,-99996,-99996,0.9,0.9,-99996,-99996,0.7,0.7



Exterior Wall
,,Space
Name,Status,Name,Occupancy Classification,Conditioning Status,Building Type,Area,Azimuth,Cons Name,Construction Type,U Factor,Window Area
,,,,,,(ft2),(deg),,,(Btu/h-?F-ft2),(ft2)
"Surface 327","New","L01-105_IstoComlUncd","Nonresidential","Unconditioned","NonResidential",128.22,302,"WallSteelFramedUnconditioned","MetalFrameWall",-99996.000,21.72
"Surface 4","New","L01-105_IstoComlUncd","Nonresidential","Unconditioned","NonResidential",131.88,302,"WallSteelFramedUnconditioned","MetalFrameWall",-99996.000,0.00
"Surface 5","New","L01-105_IstoComlUncd","Nonresidential","Unconditioned","NonResidential",1027.04,32,"WallSteelFramedUnconditioned","MetalFrameWall",-99996.000,352.40
"Surface 6","New","L01-105_IstoComlUncd","Nonresidential","Unconditioned","NonResidential",749.13,122,"WallSteelFramedUnconditioned","MetalFrameWall",-99996.000,21.72
"Surface 7","New","L01-105_IstoComlUncd","Nonresidential","Unconditioned","NonResidential",587.69,212,"WallSteelFramedUnconditioned","MetalFrameWall",-99996.000,228.54
"Surface 16","New","L01-102_OfceComlPthp","Nonresidential","DirectlyConditioned","NonResidential",206.05,302,"WallSteelFramedU124","MetalFrameWall",-99996.000,21.72
"Surface 333","New","L01-102_OfceComlPthp","Nonresidential","DirectlyConditioned","NonResidential",102.84,212,"WallSteelFramedU124","MetalFrameWall",-99996.000,58.22
"Surface 21","New","L01-103_AstoComlIncd","Nonresidential","IndirectlyConditioned","NonResidential",73.69,212,"WallSteelFramedU124","MetalFrameWall",-99996.000,0.00
"Surface 37","New","L01-101_LbbyComlPthp","Nonresidential","DirectlyConditioned","NonResidential",122.04,302,"WallSteelFramedU124","MetalFrameWall",-99996.000,81.58
"Surface 41","New","L01-101A_StrsComlIncd","Nonresidential","IndirectlyConditioned","NonResidential",150.13,32,"WallSteelFramedU124","MetalFrameWall",-99996.000,57.36
"Surface 46","New","L01-101A_StrsComlIncd","Nonresidential","IndirectlyConditioned","NonResidential",266.56,302,"WallSteelFramedU124","MetalFrameWall",-99996.000,98.58
"Surface 51","New","L01-100_VestComlIncd","Nonresidential","IndirectlyConditioned","NonResidential",158.36,32,"WallSteelFramedU124","MetalFrameWall",-99996.000,95.40
"Surface 55","New","L02-214_AstoComlPthp","Nonresidential","DirectlyConditioned","NonResidential",183.45,212,"WallSteelFramedU124","MetalFrameWall",-99996.000,0.00
"Surface 56","New","L02-214_AstoComlPthp","Nonresidential","DirectlyConditioned","NonResidential",178.80,302,"WallSteelFramedU124","MetalFrameWall",-99996.000,0.00
"Surface 69","New","L02-211_RestComlIncd","Nonresidential","IndirectlyConditioned","NonResidential",264.62,212,"WallSteelFramedU124","MetalFrameWall",-99996.000,0.00
"Surface 73","New","L02-209_AstoComlPthp","Nonresidential","DirectlyConditioned","NonResidential",184.09,212,"WallSteelFramedU124","MetalFrameWall",-99996.000,0.00
"Surface 86","New","L02-207_UtilComlIncd","Nonresidential","IndirectlyConditioned","NonResidential",63.56,212,"WallSteelFramedU124","MetalFrameWall",-99996.000,0.00
"Surface 91","New","L02-207C_MechComlIncd","Nonresidential","IndirectlyConditioned","NonResidential",72.70,122,"WallSteelFramedU124","MetalFrameWall",-99996.000,0.00
"Surface 92","New","L02-207C_MechComlIncd","Nonresidential","IndirectlyConditioned","NonResidential",103.09,212,"WallSteelFramedU124","MetalFrameWall",-99996.000,0.00
"Surface 252","New","L02-207B_MechComlIncd","Nonresidential","IndirectlyConditioned","NonResidential",72.23,122,"WallSteelFramedU124","MetalFrameWall",-99996.000,0.00
"Surface 103","New","L02-207A_MechComlIncd","Nonresidential","IndirectlyConditioned","NonResidential",73.06,122,"WallSteelFramedU124","MetalFrameWall",-99996.000,0.00
"Surface 133","New","L02-216_MprpComlPthp","Nonresidential","DirectlyConditioned","NonResidential",166.32,212,"WallSteelFramedU124","MetalFrameWall",-99996.000,0.00
"Surface 142","New","L02-216_MprpComlPthp","Nonresidential","DirectlyConditioned","NonResidential",250.67,302,"WallSteelFramedU124","MetalFrameWall",-99996.000,54.39
"Surface 117","New","L02-217_AstoComlIncd","Nonresidential","IndirectlyConditioned","NonResidential",86.07,212,"WallSteelFramedU124","MetalFrameWall",-99996.000,0.00
"Surface 246","New","L02-206_MprpComlPthp","Nonresidential","DirectlyConditioned","NonResidential",211.49,122,"WallSteelFramedU124","MetalFrameWall",-99996.000,56.33
"Surface 130","New","L02-201_CorrComlPthp","Nonresidential","DirectlyConditioned","NonResidential",107.71,302,"WallSteelFramedU124","MetalFrameWall",-99996.000,55.79
"Surface 135","New","L02-201_CorrComlPthp","Nonresidential","DirectlyConditioned","NonResidential",107.71,122,"WallSteelFramedU124","MetalFrameWall",-99996.000,69.01
"Surface 202","New","L02-202_OfceComlPthp","Nonresidential","DirectlyConditioned","NonResidential",149.02,32,"WallSteelFramedU124","MetalFrameWall",-99996.000,82.84
"Surface 209","New","L02-203_BrkrComlPthp","Nonresidential","DirectlyConditioned","NonResidential",121.70,32,"WallSteelFramedU124","MetalFrameWall",-99996.000,0.00
"Surface 211","New","L02-203_BrkrComlPthp","Nonresidential","DirectlyConditioned","NonResidential",125.73,302,"WallSteelFramedU124","MetalFrameWall",-99996.000,40.48
"Surface 215","New","L02-204_FitnComlPthp","Nonresidential","DirectlyConditioned","NonResidential",772.57,32,"WallSteelFramedU124","MetalFrameWall",-99996.000,358.81
"Surface 221","New","L02-205_AstoComlIncd","Nonresidential","IndirectlyConditioned","NonResidential",97.10,32,"WallSteelFramedU124","MetalFrameWall",-99996.000,0.00
"Surface 234","New","L02-205_AstoComlIncd","Nonresidential","IndirectlyConditioned","NonResidential",370.31,122,"WallSteelFramedU124","MetalFrameWall",-99996.000,0.00
"Surface 149","New","L02-201A_StrsComlIncd","Nonresidential","IndirectlyConditioned","NonResidential",244.50,302,"WallSteelFramedU124","MetalFrameWall",-99996.000,92.11
"Surface 84","New","L02-201A_StrsComlIncd","Nonresidential","IndirectlyConditioned","NonResidential",141.27,32,"WallSteelFramedU124","MetalFrameWall",-99996.000,55.64



Underground Floor
,,Space
Name,Status,Name,Occupancy Classification,Conditioning Status,Slab Type,Area,Exposed Perimeter,Cons Name,Slab Insulation Orientation,Overall 'F' Factor
,,,,,(Heated/Unheated),(ft2),(ft),,,(Btu/h-?F-ft2)
"Surface 1","New","L01-105_IstoComlUncd","Nonresidential","Unconditioned","UNDEFINED",4752.97,230.09,"SlabOnOrBelowGradeF073","None",0.730
"Surface 18","New","L01-102_OfceComlPthp","Nonresidential","DirectlyConditioned","UNDEFINED",236.99,31.76,"SlabOnOrBelowGradeF073","None",0.730
"Surface 19","New","L01-103_AstoComlIncd","Nonresidential","IndirectlyConditioned","UNDEFINED",109.31,8.59,"SlabOnOrBelowGradeF073","None",0.730
"Surface 25","New","L01-001_ElevComlIncd","Nonresidential","IndirectlyConditioned","UNDEFINED",60.51,0.00,"SlabOnOrBelowGradeF073","None",0.730
"Surface 36","New","L01-101_LbbyComlPthp","Nonresidential","DirectlyConditioned","UNDEFINED",250.36,8.14,"SlabOnOrBelowGradeF073","None",0.730
"Surface 45","New","L01-101A_StrsComlIncd","Nonresidential","IndirectlyConditioned","UNDEFINED",177.86,27.78,"SlabOnOrBelowGradeF073","None",0.730
"Surface 47","New","L01-100_VestComlIncd","Nonresidential","IndirectlyConditioned","UNDEFINED",104.59,10.56,"SlabOnOrBelowGradeF073","None",0.730



Window
,,,,Exterior Wall,Window
Name,Status,Occupancy Classification,Conditioning Status,Name,Area,Azimuth,Product Type,Cert Method,Cons Name,Frame Type,Glazing Type,U Factor,SHGC,Visual Transmittance, U Factor Simulated,Inside Convection Coefficient
,,,,,(ft2),(Deg),,,,,,(Btu/h-?F-ft2),,,(Btu/h-?F-ft2),(Btu/h-?F-ft2)
"Sub Surface 3","New","Nonresidential","Unconditioned","Surface 327",21.72,302,"CurtainWall","NFRCRated","Window 04 Uncd","- specify -","- specify -",0.570,0.390,0.430,0.57000,-99996.00000
"Sub Surface 36","New","Nonresidential","Unconditioned","Surface 5",102.75,32,"GlazedDoor","NFRCRated","Panel Door Uncd","- specify -","- specify -",0.570,0.390,0.430,0.57000,-99996.00000
"Sub Surface 37","New","Nonresidential","Unconditioned","Surface 5",22.08,32,"GlazedDoor","NFRCRated","SF Door Uncd","- specify -","- specify -",0.570,0.390,0.430,0.57000,-99996.00000
"Sub Surface 38","New","Nonresidential","Unconditioned","Surface 5",22.08,32,"GlazedDoor","NFRCRated","SF Door Uncd","- specify -","- specify -",0.570,0.390,0.430,0.57000,-99996.00000
"Sub Surface 39","New","Nonresidential","Unconditioned","Surface 5",102.75,32,"GlazedDoor","NFRCRated","Panel Door Uncd","- specify -","- specify -",0.570,0.390,0.430,0.57000,-99996.00000
"Sub Surface 40","New","Nonresidential","Unconditioned","Surface 5",102.75,32,"GlazedDoor","NFRCRated","Panel Door Uncd","- specify -","- specify -",0.570,0.390,0.430,0.57000,-99996.00000
"Sub Surface 2","New","Nonresidential","Unconditioned","Surface 6",21.72,122,"CurtainWall","NFRCRated","Window 04 Uncd","- specify -","- specify -",0.570,0.390,0.430,0.57000,-99996.00000
"Sub Surface 1","New","Nonresidential","Unconditioned","Surface 7",58.22,212,"CurtainWall","NFRCRated","Window 04 Uncd","- specify -","- specify -",0.570,0.390,0.430,0.57000,-99996.00000
"Sub Surface 4","New","Nonresidential","Unconditioned","Surface 7",112.10,212,"CurtainWall","NFRCRated","Window 04 Uncd","- specify -","- specify -",0.570,0.390,0.430,0.57000,-99996.00000
"Sub Surface 5","New","Nonresidential","Unconditioned","Surface 7",58.22,212,"CurtainWall","NFRCRated","Window 04 Uncd","- specify -","- specify -",0.570,0.390,0.430,0.57000,-99996.00000
"Sub Surface 54","New","Nonresidential","DirectlyConditioned","Surface 16",21.72,302,"CurtainWall","NFRCRated","Window 05","- specify -","- specify -",0.570,0.390,0.430,0.57000,-99996.00000
"Sub Surface 53","New","Nonresidential","DirectlyConditioned","Surface 333",58.22,212,"CurtainWall","NFRCRated","Window 05","- specify -","- specify -",0.570,0.390,0.430,0.57000,-99996.00000
"Sub Surface 49","New","Nonresidential","DirectlyConditioned","Surface 37",48.46,302,"CurtainWall","NFRCRated","Window 05","- specify -","- specify -",0.570,0.390,0.430,0.57000,-99996.00000
"Sub Surface 50","New","Nonresidential","DirectlyConditioned","Surface 37",33.12,302,"CurtainWall","NFRCRated","Window 05_Clerestory","- specify -","- specify -",0.370,0.230,0.001,0.37000,-99996.00000
"Sub Surface 30","New","Nonresidential","IndirectlyConditioned","Surface 41",8.97,32,"CurtainWall","NFRCRated","Window 05_Clerestory","- specify -","- specify -",0.370,0.230,0.001,0.37000,-99996.00000
"Sub Surface 31","New","Nonresidential","IndirectlyConditioned","Surface 41",14.32,32,"CurtainWall","NFRCRated","Window 05_Clerestory","- specify -","- specify -",0.370,0.230,0.001,0.37000,-99996.00000
"Sub Surface 34","New","Nonresidential","IndirectlyConditioned","Surface 41",20.95,32,"CurtainWall","NFRCRated","Window 05","- specify -","- specify -",0.570,0.390,0.430,0.57000,-99996.00000
"Sub Surface 35","New","Nonresidential","IndirectlyConditioned","Surface 41",13.12,32,"CurtainWall","NFRCRated","Window 05","- specify -","- specify -",0.570,0.390,0.430,0.57000,-99996.00000
"Sub Surface 12","New","Nonresidential","IndirectlyConditioned","Surface 46",25.24,302,"CurtainWall","NFRCRated","Window 05","- specify -","- specify -",0.570,0.390,0.430,0.57000,-99996.00000
"Sub Surface 13","New","Nonresidential","IndirectlyConditioned","Surface 46",13.12,302,"CurtainWall","NFRCRated","Window 05","- specify -","- specify -",0.570,0.390,0.430,0.57000,-99996.00000
"Sub Surface 46","New","Nonresidential","IndirectlyConditioned","Surface 46",13.80,302,"CurtainWall","NFRCRated","Window 05_Clerestory","- specify -","- specify -",0.370,0.230,0.001,0.37000,-99996.00000
"Sub Surface 47","New","Nonresidential","IndirectlyConditioned","Surface 46",8.97,302,"CurtainWall","NFRCRated","Window 05_Clerestory","- specify -","- specify -",0.370,0.230,0.001,0.37000,-99996.00000
"Sub Surface 48","New","Nonresidential","IndirectlyConditioned","Surface 46",17.25,302,"CurtainWall","NFRCRated","Window 05_Clerestory","- specify -","- specify -",0.370,0.230,0.001,0.37000,-99996.00000
"Sub Surface 7","New","Nonresidential","IndirectlyConditioned","Surface 46",20.19,302,"CurtainWall","NFRCRated","Window 05","- specify -","- specify -",0.570,0.390,0.430,0.57000,-99996.00000
"Sub Surface 29","New","Nonresidential","IndirectlyConditioned","Surface 51",34.68,32,"CurtainWall","NFRCRated","Window 05_Clerestory","- specify -","- specify -",0.370,0.230,0.001,0.37000,-99996.00000
"Sub Surface 32","New","Nonresidential","IndirectlyConditioned","Surface 51",14.72,32,"CurtainWall","NFRCRated","Window 05","- specify -","- specify -",0.570,0.390,0.430,0.57000,-99996.00000
"Sub Surface 33","New","Nonresidential","IndirectlyConditioned","Surface 51",46.01,32,"GlazedDoor","NFRCRated","Dr-B/D Swing SF","- specify -","- specify -",0.570,0.390,0.430,0.57000,-99996.00000
"Sub Surface 51","New","Nonresidential","DirectlyConditioned","Surface 142",18.61,302,"CurtainWall","NFRCRated","Window 05","- specify -","- specify -",0.570,0.390,0.430,0.57000,-99996.00000
"Sub Surface 52","New","Nonresidential","DirectlyConditioned","Surface 142",35.78,302,"CurtainWall","NFRCRated","Window 05","- specify -","- specify -",0.570,0.390,0.430,0.57000,-99996.00000
"Sub Surface 10","New","Nonresidential","DirectlyConditioned","Surface 246",19.27,122,"CurtainWall","NFRCRated","Window 05","- specify -","- specify -",0.570,0.390,0.430,0.57000,-99996.00000
"Sub Surface 11","New","Nonresidential","DirectlyConditioned","Surface 246",37.06,122,"CurtainWall","NFRCRated","Window 05","- specify -","- specify -",0.570,0.390,0.430,0.57000,-99996.00000
"Sub Surface 44","New","Nonresidential","DirectlyConditioned","Surface 130",19.60,302,"CurtainWall","NFRCRated","Window 05","- specify -","- specify -",0.570,0.390,0.430,0.57000,-99996.00000
"Sub Surface 45","New","Nonresidential","DirectlyConditioned","Surface 130",36.19,302,"CurtainWall","NFRCRated","Window 05","- specify -","- specify -",0.570,0.390,0.430,0.57000,-99996.00000
"Sub Surface 8","New","Nonresidential","DirectlyConditioned","Surface 135",49.69,122,"CurtainWall","NFRCRated","Window 05","- specify -","- specify -",0.570,0.390,0.430,0.57000,-99996.00000
"Sub Surface 9","New","Nonresidential","DirectlyConditioned","Surface 135",19.32,122,"GlazedDoor","NFRCRated","Dr-B/D Swing SF","- specify -","- specify -",0.570,0.390,0.430,0.57000,-99996.00000
"Sub Surface 26","New","Nonresidential","DirectlyConditioned","Surface 202",82.84,32,"CurtainWall","NFRCRated","Window 05","- specify -","- specify -",0.570,0.390,0.430,0.57000,-99996.00000
"Sub Surface 6","New","Nonresidential","DirectlyConditioned","Surface 211",40.48,302,"CurtainWall","NFRCRated","Window 05","- specify -","- specify -",0.570,0.390,0.430,0.57000,-99996.00000
"Sub Surface 14","New","Nonresidential","DirectlyConditioned","Surface 215",24.17,32,"GlazedDoor","NFRCRated","Dr-B/D Swing SF","- specify -","- specify -",0.570,0.390,0.430,0.57000,-99996.00000
"Sub Surface 15","New","Nonresidential","DirectlyConditioned","Surface 215",39.05,32,"CurtainWall","NFRCRated","Window 05","- specify -","- specify -",0.570,0.390,0.430,0.57000,-99996.00000
"Sub Surface 16","New","Nonresidential","DirectlyConditioned","Surface 215",24.17,32,"GlazedDoor","NFRCRated","Dr-B/D Swing SF","- specify -","- specify -",0.570,0.390,0.430,0.57000,-99996.00000
"Sub Surface 17","New","Nonresidential","DirectlyConditioned","Surface 215",74.37,32,"GlazedDoor","NFRCRated","Dr-F Sliding SF","- specify -","- specify -",0.570,0.390,0.430,0.57000,-99996.00000
"Sub Surface 18","New","Nonresidential","DirectlyConditioned","Surface 215",39.05,32,"CurtainWall","NFRCRated","Window 05","- specify -","- specify -",0.570,0.390,0.430,0.57000,-99996.00000
"Sub Surface 19","New","Nonresidential","DirectlyConditioned","Surface 215",39.67,32,"CurtainWall","NFRCRated","Window 05","- specify -","- specify -",0.570,0.390,0.430,0.57000,-99996.00000
"Sub Surface 20","New","Nonresidential","DirectlyConditioned","Surface 215",39.67,32,"CurtainWall","NFRCRated","Window 05","- specify -","- specify -",0.570,0.390,0.430,0.57000,-99996.00000
"Sub Surface 21","New","Nonresidential","DirectlyConditioned","Surface 215",20.70,32,"CurtainWall","NFRCRated","Window 05_Clerestory","- specify -","- specify -",0.370,0.230,0.001,0.37000,-99996.00000
"Sub Surface 22","New","Nonresidential","DirectlyConditioned","Surface 215",17.94,32,"CurtainWall","NFRCRated","Window 05_Clerestory","- specify -","- specify -",0.370,0.230,0.001,0.37000,-99996.00000
"Sub Surface 23","New","Nonresidential","DirectlyConditioned","Surface 215",11.04,32,"CurtainWall","NFRCRated","Window 05_Clerestory","- specify -","- specify -",0.370,0.230,0.001,0.37000,-99996.00000
"Sub Surface 24","New","Nonresidential","DirectlyConditioned","Surface 215",17.94,32,"CurtainWall","NFRCRated","Window 05_Clerestory","- specify -","- specify -",0.370,0.230,0.001,0.37000,-99996.00000
"Sub Surface 25","New","Nonresidential","DirectlyConditioned","Surface 215",11.04,32,"CurtainWall","NFRCRated","Window 05_Clerestory","- specify -","- specify -",0.370,0.230,0.001,0.37000,-99996.00000
"Sub Surface 41","New","Nonresidential","IndirectlyConditioned","Surface 149",20.93,302,"CurtainWall","NFRCRated","Window 05","- specify -","- specify -",0.570,0.390,0.430,0.57000,-99996.00000
"Sub Surface 42","New","Nonresidential","IndirectlyConditioned","Surface 149",38.98,302,"CurtainWall","NFRCRated","Window 05","- specify -","- specify -",0.570,0.390,0.430,0.57000,-99996.00000
"Sub Surface 43","New","Nonresidential","IndirectlyConditioned","Surface 149",32.20,302,"CurtainWall","NFRCRated","Window 05","- specify -","- specify -",0.570,0.390,0.430,0.57000,-99996.00000
"Sub Surface 27","New","Nonresidential","IndirectlyConditioned","Surface 84",34.21,32,"CurtainWall","NFRCRated","Window 05","- specify -","- specify -",0.570,0.390,0.430,0.57000,-99996.00000
"Sub Surface 28","New","Nonresidential","IndirectlyConditioned","Surface 84",21.43,32,"CurtainWall","NFRCRated","Window 05","- specify -","- specify -",0.570,0.390,0.430,0.57000,-99996.00000



Interior Wall
,,Space
Name,Status,Name,Occupancy Classification,Conditioning Status,Area,Azimuth,Cons Name,Construction Type,U Factor
,,,,,(ft2),(deg),,,(Btu/h-?F-ft2)
"Surface 10","New","L01-105_IstoComlUncd","Nonresidential","Unconditioned",105.73,-99996,"WallSteelFramedU124","WoodFramingAndOtherWall",-99996.000
"Surface 2","New","L01-105_IstoComlUncd","Nonresidential","Unconditioned",240.01,-99996,"WallSteelFramedU124","WoodFramingAndOtherWall",-99996.000
"Surface 3","New","L01-105_IstoComlUncd","Nonresidential","Unconditioned",148.59,-99996,"WallSteelFramedU124","WoodFramingAndOtherWall",-99996.000
"Surface 9","New","L01-105_IstoComlUncd","Nonresidential","Unconditioned",190.98,-99996,"WallSteelFramedU124","WoodFramingAndOtherWall",-99996.000
"Surface 12","New","L01-102_OfceComlPthp","Nonresidential","DirectlyConditioned",179.71,-99996,"Interior Wall 06","UNDEFINED",0.061
"Surface 14","New","L01-102_OfceComlPthp","Nonresidential","DirectlyConditioned",105.73,-99996,"Interior Wall 06","UNDEFINED",0.061
"Surface 15","New","L01-102_OfceComlPthp","Nonresidential","DirectlyConditioned",190.98,-99996,"Interior Wall 06","UNDEFINED",0.061
"Surface 23","New","L01-103_AstoComlIncd","Nonresidential","IndirectlyConditioned",128.78,-99996,"Interior Wall 06","UNDEFINED",0.061
"Surface 26","New","L01-001_ElevComlIncd","Nonresidential","IndirectlyConditioned",128.78,-99996,"Interior Wall 06","UNDEFINED",0.061
"Surface 31","New","L01-101_LbbyComlPthp","Nonresidential","DirectlyConditioned",150.13,-99996,"Interior Wall 06","UNDEFINED",0.061
"Surface 32","New","L01-101_LbbyComlPthp","Nonresidential","DirectlyConditioned",117.97,-99996,"Interior Wall 06","UNDEFINED",0.061
"Surface 33","New","L01-101_LbbyComlPthp","Nonresidential","DirectlyConditioned",158.36,-99996,"Interior Wall 06","UNDEFINED",0.061
"Surface 42","New","L01-101A_StrsComlIncd","Nonresidential","IndirectlyConditioned",148.59,-99996,"Interior Wall 06","UNDEFINED",0.061
"Surface 148","New","L02-214_AstoComlPthp","Nonresidential","DirectlyConditioned",76.71,-99996,"Interior Wall 06","UNDEFINED",0.061
"Surface 54","New","L02-214_AstoComlPthp","Nonresidential","DirectlyConditioned",219.29,-99996,"Interior Wall 06","UNDEFINED",0.061
"Surface 58","New","L02-214_AstoComlPthp","Nonresidential","DirectlyConditioned",29.86,-99996,"Interior Wall 06","UNDEFINED",0.061
"Surface 59","New","L02-214_AstoComlPthp","Nonresidential","DirectlyConditioned",135.59,-99996,"Interior Wall 06","UNDEFINED",0.061
"Surface 60","New","L02-214_AstoComlPthp","Nonresidential","DirectlyConditioned",66.08,-99996,"Interior Wall 06","UNDEFINED",0.061
"Surface 61","New","L02-214_AstoComlPthp","Nonresidential","DirectlyConditioned",61.77,-99996,"Interior Wall 06","UNDEFINED",0.061
"Surface 66","New","L02-211_RestComlIncd","Nonresidential","IndirectlyConditioned",294.60,-99996,"Interior Wall 06","UNDEFINED",0.061
"Surface 67","New","L02-211_RestComlIncd","Nonresidential","IndirectlyConditioned",183.69,-99996,"Interior Wall 06","UNDEFINED",0.061
"Surface 68","New","L02-211_RestComlIncd","Nonresidential","IndirectlyConditioned",218.51,-99996,"Interior Wall 06","UNDEFINED",0.061
"Surface 85","New","L02-211_RestComlIncd","Nonresidential","IndirectlyConditioned",182.91,-99996,"Interior Wall 06","UNDEFINED",0.061
"Surface 261","New","L02-209_AstoComlPthp","Nonresidential","DirectlyConditioned",69.75,-99996,"Interior Wall 06","UNDEFINED",0.061
"Surface 72","New","L02-209_AstoComlPthp","Nonresidential","DirectlyConditioned",217.99,-99996,"Interior Wall 06","UNDEFINED",0.061
"Surface 76","New","L02-209_AstoComlPthp","Nonresidential","DirectlyConditioned",61.75,-99996,"Interior Wall 06","UNDEFINED",0.061
"Surface 77","New","L02-209_AstoComlPthp","Nonresidential","DirectlyConditioned",136.38,-99996,"Interior Wall 06","UNDEFINED",0.061
"Surface 95","New","L02-209_AstoComlPthp","Nonresidential","DirectlyConditioned",70.27,-99996,"Interior Wall 06","UNDEFINED",0.061
"Surface 146","New","L02-207_UtilComlIncd","Nonresidential","IndirectlyConditioned",72.70,-99996,"Interior Wall 06","UNDEFINED",0.061
"Surface 147","New","L02-207_UtilComlIncd","Nonresidential","IndirectlyConditioned",73.06,-99996,"Interior Wall 06","UNDEFINED",0.061
"Surface 82","New","L02-207_UtilComlIncd","Nonresidential","IndirectlyConditioned",67.56,-99996,"Interior Wall 06","UNDEFINED",0.061
"Surface 83","New","L02-207_UtilComlIncd","Nonresidential","IndirectlyConditioned",72.23,-99996,"Interior Wall 06","UNDEFINED",0.061
"Surface 90","New","L02-207C_MechComlIncd","Nonresidential","IndirectlyConditioned",105.30,-99996,"Interior Wall 06","UNDEFINED",0.061
"Surface 96","New","L02-207B_MechComlIncd","Nonresidential","IndirectlyConditioned",107.45,-99996,"Interior Wall 06","UNDEFINED",0.061
"Surface 102","New","L02-207A_MechComlIncd","Nonresidential","IndirectlyConditioned",109.58,-99996,"Interior Wall 06","UNDEFINED",0.061
"Surface 106","New","L02-216_MprpComlPthp","Nonresidential","DirectlyConditioned",156.63,-99996,"Interior Wall 06","UNDEFINED",0.061
"Surface 107","New","L02-216_MprpComlPthp","Nonresidential","DirectlyConditioned",76.71,-99996,"Interior Wall 06","UNDEFINED",0.061
"Surface 111","New","L02-216_MprpComlPthp","Nonresidential","DirectlyConditioned",91.14,-99996,"Interior Wall 06","UNDEFINED",0.061
"Surface 112","New","L02-216_MprpComlPthp","Nonresidential","DirectlyConditioned",20.10,-99996,"Interior Wall 06","UNDEFINED",0.061
"Surface 155","New","L02-216_MprpComlPthp","Nonresidential","DirectlyConditioned",82.82,-99996,"Interior Wall 06","UNDEFINED",0.061
"Surface 119","New","L02-217_AstoComlIncd","Nonresidential","IndirectlyConditioned",87.83,-99996,"Interior Wall 06","UNDEFINED",0.061
"Surface 124","New","L02-206_MprpComlPthp","Nonresidential","DirectlyConditioned",186.74,-99996,"Interior Wall 06","UNDEFINED",0.061
"Surface 248","New","L02-206_MprpComlPthp","Nonresidential","DirectlyConditioned",141.21,-99996,"Interior Wall 06","UNDEFINED",0.061
"Surface 125","New","L02-201_CorrComlPthp","Nonresidential","DirectlyConditioned",117.51,-99996,"Interior Wall 06","UNDEFINED",0.061
"Surface 128","New","L02-201_CorrComlPthp","Nonresidential","DirectlyConditioned",26.60,-99996,"Interior Wall 06","UNDEFINED",0.061
"Surface 131","New","L02-201_CorrComlPthp","Nonresidential","DirectlyConditioned",141.50,-99996,"Interior Wall 06","UNDEFINED",0.061
"Surface 132","New","L02-201_CorrComlPthp","Nonresidential","DirectlyConditioned",112.66,-99996,"Interior Wall 06","UNDEFINED",0.061
"Surface 137","New","L02-201_CorrComlPthp","Nonresidential","DirectlyConditioned",80.83,-99996,"Interior Wall 06","UNDEFINED",0.061
"Surface 138","New","L02-201_CorrComlPthp","Nonresidential","DirectlyConditioned",75.17,-99996,"Interior Wall 06","UNDEFINED",0.061
"Surface 140","New","L02-201_CorrComlPthp","Nonresidential","DirectlyConditioned",59.27,-99996,"Interior Wall 06","UNDEFINED",0.061
"Surface 141","New","L02-201_CorrComlPthp","Nonresidential","DirectlyConditioned",44.56,-99996,"Interior Wall 06","UNDEFINED",0.061
"Surface 316","New","L02-201_CorrComlPthp","Nonresidential","DirectlyConditioned",96.66,-99996,"Interior Wall 06","UNDEFINED",0.061
"Surface 321","New","L02-201_CorrComlPthp","Nonresidential","DirectlyConditioned",112.24,-99996,"Interior Wall 06","UNDEFINED",0.061
"Surface 323","New","L02-201_CorrComlPthp","Nonresidential","DirectlyConditioned",66.02,-99996,"Interior Wall 06","UNDEFINED",0.061
"Surface 324","New","L02-201_CorrComlPthp","Nonresidential","DirectlyConditioned",89.88,-99996,"Interior Wall 06","UNDEFINED",0.061
"Surface 99","New","L02-201_CorrComlPthp","Nonresidential","DirectlyConditioned",715.15,-99996,"Interior Wall 06","UNDEFINED",0.061
"Surface 325","New","L02-218_MechComlPthp","Nonresidential","DirectlyConditioned",52.97,-99996,"Interior Wall 06","UNDEFINED",0.061
"Surface 65","New","L02-218_MechComlPthp","Nonresidential","DirectlyConditioned",89.69,-99996,"Interior Wall 06","UNDEFINED",0.061
"Surface 164","New","L02-215_LndyComlIncd","Nonresidential","IndirectlyConditioned",91.14,-99996,"Interior Wall 06","UNDEFINED",0.061
"Surface 176","New","L02-208_RestComlIncd","Nonresidential","IndirectlyConditioned",65.32,-99996,"Interior Wall 06","UNDEFINED",0.061
"Surface 177","New","L02-208_RestComlIncd","Nonresidential","IndirectlyConditioned",44.56,-99996,"Interior Wall 06","UNDEFINED",0.061
"Surface 203","New","L02-202_OfceComlPthp","Nonresidential","DirectlyConditioned",244.50,-99996,"Interior Wall 06","UNDEFINED",0.061
"Surface 210","New","L02-203_BrkrComlPthp","Nonresidential","DirectlyConditioned",370.31,-99996,"Interior Wall 06","UNDEFINED",0.061
"Surface 216","New","L02-204_FitnComlPthp","Nonresidential","DirectlyConditioned",370.31,-99996,"Interior Wall 06","UNDEFINED",0.061
"Surface 195","New","L02-201A_StrsComlIncd","Nonresidential","IndirectlyConditioned",244.50,-99996,"Interior Wall 06","UNDEFINED",0.061
"Surface 97","New","L02-201A_StrsComlIncd","Nonresidential","IndirectlyConditioned",134.15,-99996,"Interior Wall 06","UNDEFINED",0.061



Interior Floor
,,Space
Name,Status,Name,Occupancy Classification,Conditioning Status,Area,Cons Name,Construction Type,U Factor
,,,,,(ft2),,,(Btu/h-?F-ft2)
"Surface 53","New","L02-214_AstoComlPthp","Nonresidential","DirectlyConditioned",343.25,"FloorSteelJoistU052","OtherFloor",-99996.000
"Surface 63","New","L02-211_RestComlIncd","Nonresidential","IndirectlyConditioned",740.00,"FloorSteelJoistU052","OtherFloor",-99996.000
"Surface 71","New","L02-209_AstoComlPthp","Nonresidential","DirectlyConditioned",346.69,"FloorSteelJoistU052","OtherFloor",-99996.000
"Surface 80","New","L02-207_UtilComlIncd","Nonresidential","IndirectlyConditioned",98.69,"FloorSteelJoistU052","OtherFloor",-99996.000
"Surface 88","New","L02-207C_MechComlIncd","Nonresidential","IndirectlyConditioned",54.48,"FloorSteelJoistU052","OtherFloor",-99996.000
"Surface 160","New","L02-207B_MechComlIncd","Nonresidential","IndirectlyConditioned",53.02,"FloorSteelJoistU052","OtherFloor",-99996.000
"Surface 226","New","L02-207A_MechComlIncd","Nonresidential","IndirectlyConditioned",52.57,"FloorSteelJoistU052","OtherFloor",-99996.000
"Surface 110","New","L02-216_MprpComlPthp","Nonresidential","DirectlyConditioned",236.99,"Interior Floor 21","UNDEFINED",0.026
"Surface 157","New","L02-216_MprpComlPthp","Nonresidential","DirectlyConditioned",20.02,"Interior Floor 21","UNDEFINED",0.026
"Surface 115","New","L02-217_AstoComlIncd","Nonresidential","IndirectlyConditioned",43.40,"Interior Floor 21","UNDEFINED",0.026
"Surface 121","New","L02-206_MprpComlPthp","Nonresidential","DirectlyConditioned",237.18,"FloorSteelJoistU052","OtherFloor",-99996.000
"Surface 100","New","L02-201_CorrComlPthp","Nonresidential","DirectlyConditioned",167.33,"Interior Floor 21","UNDEFINED",0.026
"Surface 345","New","L02-201_CorrComlPthp","Nonresidential","DirectlyConditioned",778.47,"FloorSteelJoistU052","OtherFloor",-99996.000
"Surface 156","New","L02-218_MechComlPthp","Nonresidential","DirectlyConditioned",45.90,"Interior Floor 21","UNDEFINED",0.026
"Surface 139","New","L02-215_LndyComlIncd","Nonresidential","IndirectlyConditioned",111.23,"FloorSteelJoistU052","OtherFloor",-99996.000
"Surface 172","New","L02-208_RestComlIncd","Nonresidential","IndirectlyConditioned",101.37,"FloorSteelJoistU052","OtherFloor",-99996.000
"Surface 180","New","L02-001_ElevComlIncd","Nonresidential","IndirectlyConditioned",60.51,"Interior Floor 21","UNDEFINED",0.026
"Surface 187","New","L02-201B_UtilComlIncd","Nonresidential","IndirectlyConditioned",17.30,"FloorSteelJoistU052","OtherFloor",-99996.000
"Surface 153","New","L02-202_OfceComlPthp","Nonresidential","DirectlyConditioned",83.03,"Interior Floor 21","UNDEFINED",0.026
"Surface 199","New","L02-202_OfceComlPthp","Nonresidential","DirectlyConditioned",104.59,"Interior Floor 21","UNDEFINED",0.026
"Surface 205","New","L02-203_BrkrComlPthp","Nonresidential","DirectlyConditioned",223.27,"FloorSteelJoistU052","OtherFloor",-99996.000
"Surface 212","New","L02-204_FitnComlPthp","Nonresidential","DirectlyConditioned",1417.30,"FloorSteelJoistU052","OtherFloor",-99996.000
"Surface 218","New","L02-205_AstoComlIncd","Nonresidential","IndirectlyConditioned",178.13,"FloorSteelJoistU052","OtherFloor",-99996.000
"Surface 40","New","L02-201A_StrsComlIncd","Nonresidential","IndirectlyConditioned",177.86,"Interior Floor 21","UNDEFINED",0.026



Construction Assembly
Name,Surface Type,Material Layer 1,Material Layer 2,Material Layer 3,Material Layer 4,Material Layer 5, Material Layer 6, Material Layer 7, Material Layer 8, Material Layer 9, Material Layer 10
"Interior Floor 21","InteriorFloor","","","","","","","","","",""
"Interior Wall 06","InteriorWall","","","","","","","","","",""
"SlabOnOrBelowGradeF073","UndergroundFloor","","","","","","","","","",""
"WallBelowGradeC1140","UndergroundWall","","","","","","","","","",""
"WallSteelFramedUnconditioned","ExteriorWall","","","","","","","","","",""
"WallSteelFramedU124","ExteriorWall","","","","","","","","","",""
"RoofInsulationEntirelyAboveDeckU063","UNDEFINED","","","","","","","","","",""
"FloorSteelJoistU052","UNDEFINED","","","","","","","","","",""



Construction Materials
Name,Code Item,Type,R-value,Thickness,Frame Type,Frame Configuration,Frame Depth, Frame Cavity Insulation(for composite material)
,,,(?F-ft2-h/Btuh),(in),,,,(?F-ft2-h/Btuh)
"Plywood 3/4 in.","UNDEFINED","Bldg Board and Siding",0.940,0.750,"- specify -","- specify -","- specify -",0.000
"2x6 Wood Stud","UNDEFINED","Composite",12.251,0.000,"Wood","Wall16inOC","5_5In",21.000
"5/8 in. Gypsum Board","UNDEFINED","Bldg Board and Siding",0.560,0.630,"- specify -","- specify -","- specify -",0.000
"Int. Floor Mat.","UNDEFINED","SIPS Floor",35.292,6.500,"- specify -","- specify -","- specify -",0.000
"Concrete - 140 lb/ft3 - 6 in.","UNDEFINED","Concrete",0.440,6.000,"- specify -","- specify -","- specify -",0.000
"Concrete - 80 lb/ft3 - 4 in.","UNDEFINED","Concrete",1.090,4.000,"- specify -","- specify -","- specify -",0.000
"Stucco - 7/8 in.","UNDEFINED","Plastering Materials",0.180,0.880,"- specify -","- specify -","- specify -",0.000
"Compliance Insulation R5.60","UNDEFINED","Insulation Board",5.600,0.894,"- specify -","- specify -","- specify -",0.000
"Compliance Insulation R0.20","UNDEFINED","Insulation Board",0.200,0.032,"- specify -","- specify -","- specify -",0.000
"Compliance Insulation R0.10","UNDEFINED","Insulation Board",0.100,0.016,"- specify -","- specify -","- specify -",0.000
"Compliance Insulation R0.02","UNDEFINED","Insulation Board",0.020,0.003,"- specify -","- specify -","- specify -",0.000
"Compliance Insulation R0.01","UNDEFINED","Insulation Board",0.010,0.002,"- specify -","- specify -","- specify -",0.000
"Air - Metal Wall Framing - 16 or 24 in. OC","UNDEFINED","Air",0.650,5.500,"- specify -","- specify -","- specify -",0.000
"Gypsum Board - 1/2 in.","UNDEFINED","Bldg Board and Siding",0.450,0.500,"- specify -","- specify -","- specify -",0.000
"Compliance Insulation R15.00","UNDEFINED","Insulation Board",15.000,2.394,"- specify -","- specify -","- specify -",0.000
"Compliance Insulation R0.05","UNDEFINED","Insulation Board",0.050,0.008,"- specify -","- specify -","- specify -",0.000
"Metal Standing Seam - 1/16 in.","UNDEFINED","Roofing",0.000,0.063,"- specify -","- specify -","- specify -",0.000
"Compliance Insulation R14.60","UNDEFINED","Insulation Board",14.600,2.330,"- specify -","- specify -","- specify -",0.000
"Plywood - 5/8 in.","UNDEFINED","Bldg Board and Siding",0.780,0.630,"- specify -","- specify -","- specify -",0.000
"Carpet - 3/4 in.","UNDEFINED","Finish Materials",2.380,0.750,"- specify -","- specify -","- specify -",0.000
